{
  "Accuracy": 0.7915555555555556,
  "UAR": 0.7724673202614378,
  "F1": 0.765888884575067
}