{
  "Acc": 0.7928888888888889,
  "UAR": 0.7495506535947712,
  "F1": 0.7556864360651092,
  "low": 0.401010101010101,
  "high": 0.9027272727272727
}