{
  "Acc": 0.796,
  "UAR": 0.7558823529411764,
  "F1": 0.7608118708645815,
  "thresh": 0.7000000000000001
}